24.0, 
20.0, 
19.666666, 
18.5, 
17.2, 
16.5, 
17.0, 
17.375, 
17.222221, 
17.1, 
17.272728, 
16.916666, 
17.384615, 
17.642857, 
17.933332, 
17.9375, 
18.352942, 
18.166666, 
18.578947, 
18.6, 
18.952381, 
19.0, 
19.434782, 
19.375, 
19.12, 
19.5, 
19.592592, 
19.607143, 
19.724138, 
20.066668, 
20.32258, 
20.34375, 
20.545454, 
20.529411, 
20.542856, 
20.555555, 
20.891891, 
21.131578, 
21.25641, 
21.325, 
21.390244, 
21.52381, 
21.744186, 
21.772728, 
21.688889, 
21.913044, 
21.978724, 
22.0, 
22.020409, 
22.04, 
22.19608, 
22.23077, 
22.226416, 
22.425926, 
22.636364, 
22.5, 
22.578947, 
22.655172, 
22.711864, 
22.933332, 
23.229507, 
23.17742, 
23.317461, 
23.5625, 
23.676924, 
23.575758, 
23.761194, 
23.970589, 
24.173914, 
24.27143, 
24.323944, 
24.375, 
24.49315, 
24.445946, 
24.613333, 
24.644737, 
24.727272, 
24.858974, 
24.898735, 
24.95, 
25.012346, 
25.182926, 
25.228916, 
25.392857, 
25.470589, 
25.639534, 
25.827587, 
25.954546, 
26.101124, 
26.044445, 
25.978022, 
26.01087, 
26.053764, 
26.085106, 
26.126316, 
26.239584, 
26.350515, 
26.357143, 
26.474747, 
26.55, 
26.69307, 
26.705883, 
26.873787, 
26.971153, 
27.038095, 
27.150944, 
27.224298, 
27.268518, 
27.38532, 
27.381819, 
27.432432, 
27.5, 
27.60177, 
27.710526, 
27.765217, 
27.887932, 
27.982906, 
28.084745, 
28.159664, 
28.216667, 
28.297522, 
28.434425, 
28.552845, 
28.532259, 
28.576, 
28.650793, 
28.629921, 
28.664062, 
28.751938, 
28.861538, 
28.908398, 
28.901516, 
29.030075, 
29.119404, 
29.148148, 
29.117647, 
29.21168, 
29.297102, 
29.381294, 
29.421429, 
29.503546, 
29.577465, 
29.615385, 
29.631945, 
29.73793, 
29.80137, 
29.816326, 
29.81081, 
29.872482, 
29.933332, 
29.980133, 
29.993422, 
30.006536, 
30.012987, 
30.058065, 
30.115385, 
30.127388, 
30.22152, 
30.270441, 
30.25625, 
30.304348, 
30.314816, 
30.355827, 
30.420732, 
30.442425, 
30.493977, 
30.538921, 
30.64881, 
30.674557, 
30.694118, 
30.74269, 
30.773256, 
30.820808, 
30.810345, 
30.822857, 
30.835228, 
30.841808, 
30.898876, 
30.860334, 
30.866667, 
30.889503, 
30.928572, 
30.972677, 
30.967392, 
30.994595, 
30.994623, 
30.97861, 
31.031916, 
31.05291, 
31.042105, 
31.020943, 
31.03125, 
31.03627, 
31.01031, 
31.051283, 
31.081633, 
31.081219, 
31.050505, 
31.090452, 
31.095, 
31.104477, 
31.133663, 
31.182266, 
31.19608, 
31.22439, 
31.242718, 
31.275362, 
31.326923, 
31.368422, 
31.4, 
31.445498, 
31.45283, 
31.469484, 
31.5, 
31.525581, 
31.532408, 
31.571428, 
31.600918, 
31.621004, 
31.586363, 
31.606335, 
31.621622, 
31.668161, 
31.709822, 
31.72889, 
31.756638, 
31.77533, 
31.719297, 
31.703056, 
31.726088, 
31.714285, 
31.728449, 
31.67382, 
31.623932, 
31.697872, 
31.711864, 
31.658228, 
31.634455, 
31.661087, 
31.679167, 
31.697096, 
31.702478, 
31.707819, 
31.704918, 
31.718367, 
31.638212, 
31.668016, 
31.641129, 
31.646585, 
31.664, 
31.661354, 
31.698412, 
31.699604, 
31.736221, 
31.768627, 
31.789062, 
31.836576, 
31.841085, 
31.84942, 
31.865385, 
31.896551, 
31.896946, 
31.897339, 
31.901516, 
31.860378, 
31.853384, 
31.891386, 
31.88806, 
31.843866, 
31.825926, 
31.845018, 
31.849264, 
31.846153, 
31.875912, 
31.869091, 
31.807972, 
31.826715, 
31.838129, 
31.827957, 
31.789286, 
31.77936, 
31.790781, 
31.809187, 
31.816902, 
31.845613, 
31.867132, 
31.857143, 
31.885416, 
31.82353, 
31.817242, 
31.824741, 
31.828768, 
31.853243, 
31.870749, 
31.874577, 
31.878378, 
31.895622, 
31.902685, 
31.926422, 
31.86, 
31.870432, 
31.880795, 
31.881187, 
31.875, 
31.888525, 
31.898693, 
31.921824, 
31.925325, 
31.899677, 
31.916128, 
31.906752, 
31.916666, 
31.88818, 
31.89172, 
31.863493, 
31.88924, 
31.876972, 
31.889936, 
31.90909, 
31.88125, 
31.872274, 
31.885094, 
31.879257, 
31.873457, 
31.886154, 
31.892637, 
31.91743, 
31.911585, 
31.87842, 
31.860605, 
31.873112, 
31.876507, 
31.858858, 
31.898203, 
31.877611, 
31.883928, 
31.878338, 
31.866863, 
31.831858, 
31.852942, 
31.856304, 
31.865498, 
31.897959, 
31.875, 
31.872463, 
31.872833, 
31.867435, 
31.876436, 
31.825214, 
31.822857, 
31.840456, 
31.84375, 
31.827196, 
31.79096, 
31.783098, 
31.792135, 
31.792717, 
31.807262, 
31.81337, 
31.819445, 
31.811634, 
31.82873, 
31.823692, 
31.826923, 
31.843836, 
31.855192, 
31.85831, 
31.888586, 
31.913279, 
31.889189, 
31.90566, 
31.930107, 
31.951742, 
31.970589, 
31.984, 
31.968084, 
31.976128, 
31.986773, 
32.005276, 
32.028946, 
32.007874, 
32.020943, 
32.036552, 
32.028645, 
32.036366, 
32.018135, 
32.028423, 
32.051548, 
32.048843, 
32.025642, 
32.038364, 
32.04847, 
32.068703, 
32.040607, 
32.053165, 
32.06313, 
32.075565, 
32.080402, 
32.09273, 
32.1, 
32.097256, 
32.067165, 
32.084366, 
32.066833, 
32.064198, 
32.04187, 
32.019657, 
31.995098, 
32.002445, 
32.02439, 
32.036495, 
32.029125, 
32.043583, 
32.04831, 
32.040962, 
32.014423, 
32.02638, 
32.004784, 
31.959427, 
31.95, 
31.957245, 
31.964455, 
31.976358, 
31.964622, 
31.962353, 
31.960094, 
31.983606, 
31.974298, 
31.97436, 
31.974419, 
31.965197, 
31.98611, 
31.988453, 
31.974655, 
31.974712, 
31.988533, 
31.995424, 
32.011417, 
31.997723, 
32.002274, 
32.0068, 
32.002262, 
31.977427, 
31.984234, 
31.986517, 
31.986547, 
31.997763, 
31.986607, 
31.995546, 
32.0, 
31.993347, 
31.995575, 
31.988962, 
31.986784, 
31.991209, 
31.98465, 
31.954048, 
31.95415, 
31.94989, 
31.95, 
31.960955, 
31.95671, 
31.943844, 
31.935345, 
31.933332, 
31.95708, 
31.96788, 
31.965813, 
31.963753, 
31.963829, 
31.961784, 
31.95551, 
31.96406, 
31.970465, 
31.951578, 
31.951681, 
31.94759, 
31.96025, 
31.970772, 
31.977083, 
31.989605, 
31.985477, 
31.99379, 
31.98347, 
31.979382, 
31.977365, 
31.983572, 
31.993853, 
32.002045, 
31.995918, 
31.995926, 
31.991869, 
31.995943, 
31.99595, 
31.991919, 
32.0, 
31.97988, 
31.977911, 
31.983969, 
31.98, 
31.984032, 
31.978088, 
31.986084, 
31.988094, 
31.982178, 
31.990118, 
31.982248, 
31.990158, 
31.998035, 
31.966667, 
31.962818, 
31.964844, 
31.953217, 
31.963036, 
31.970873, 
31.982557, 
31.988394, 
31.967182, 
31.974953, 
31.984615, 
31.990402, 
31.98659, 
32.0, 
31.977098, 
31.975239, 
31.986692, 
31.99241, 
32.00568, 
32.017014, 
32.020756, 
32.024483, 
32.0188, 
32.031895, 
32.031834, 
32.039253, 
32.03731, 
32.044693, 
32.046467, 
32.014843, 
32.025925, 
32.02403, 
32.02583, 
32.031307, 
32.003677, 
31.979816, 
31.989012, 
31.98903, 
31.990875, 
31.992714, 
31.996363, 
32.00363, 
31.97826, 
31.965641, 
31.969315, 
31.96937, 
31.974821, 
31.982046, 
31.982079, 
31.9839, 
32.00893, 
32.019608, 
32.023132, 
32.02664, 
32.030144, 
32.03009, 
32.035336, 
32.0388, 
32.042255, 
32.036907, 
32.050877, 
32.059544, 
32.061188, 
32.0733, 
32.069687, 
32.062607, 
32.0625, 
32.062393, 
32.081314, 
32.0829, 
32.087933, 
32.098106, 
32.104813, 
32.102917, 
32.10103, 
32.11795, 
32.129692, 
32.13799, 
32.139454, 
32.157894, 
32.16102, 
32.16751, 
32.16892, 
32.17201, 
32.138046, 
32.14118, 
32.129196, 
32.123955, 
32.1204, 
32.128548, 
32.136665, 
32.139767, 
32.15116, 
32.14096, 
32.14735, 
32.152065, 
32.151814, 
32.14827, 
32.14967, 
32.15271, 
32.159016, 
32.16203, 
32.173203, 
32.153343, 
32.149837, 
32.149593, 
32.14935, 
32.166935, 
32.17152, 
32.17932, 
32.190323, 
32.196457, 
32.19614, 
32.199036, 
32.19391, 
32.2016, 
32.202877, 
32.210526, 
32.21656, 
32.216217, 
32.225395, 
32.229794, 
32.227848, 
32.236965, 
32.239746, 
32.247246, 
32.237423, 
32.241756, 
32.25862, 
32.26604, 
32.2625, 
32.26989, 
32.26324, 
32.27683, 
32.27174, 
32.28217, 
32.298763, 
32.299847, 
32.294754, 
32.30046, 
32.303078, 
32.304146, 
32.315952, 
32.31853, 
32.330276, 
32.337406, 
32.332317, 
32.342464, 
32.31611, 
32.317146, 
32.31818, 
32.299545, 
32.31722, 
32.333332, 
32.33735, 
32.323307, 
32.294292, 
32.269867, 
32.270958, 
32.270554, 
32.27761, 
32.287632, 
32.28125, 
32.28826, 
32.305637, 
32.27852, 
32.27219, 
32.288036, 
32.283184, 
32.287186, 
32.282352, 
32.279003, 
32.27859, 
32.28697, 
32.30117, 
32.28759, 
32.300293, 
32.286755, 
32.257267, 
32.24383, 
32.252174, 
32.27641, 
32.28613, 
32.262627, 
32.272335, 
32.2777, 
32.26293, 
32.25825, 
32.260746, 
32.260372, 
32.26857, 
32.26819, 
32.260685, 
32.233288, 
32.252842, 
32.258156, 
32.260624, 
32.250355, 
32.26271, 
32.25529, 
32.27606, 
32.277073, 
32.282303, 
32.267883, 
32.261906, 
32.25874, 
32.25419, 
32.256626, 
32.270195, 
32.27677, 
32.266666, 
32.267685, 
32.275623, 
32.280773, 
32.27486, 
32.25793, 
32.25482, 
32.250343, 
32.23901, 
32.22908, 
32.245205, 
32.235294, 
32.224045, 
32.238747, 
32.24523, 
32.22721, 
32.239132, 
32.234734, 
32.24119, 
32.243572, 
32.231083, 
32.236168, 
32.243935, 
32.236877, 
32.245968, 
32.24698, 
32.24397, 
32.24364, 
32.25401, 
32.233646, 
32.233334, 
32.243675, 
32.24867, 
32.2417, 
32.23342, 
32.233112, 
32.23545, 
32.241745, 
32.24934, 
32.251648, 
32.242104, 
32.243103, 
32.237534, 
32.22936, 
32.235603, 
32.243137, 
32.251957, 
32.250324, 
32.246094, 
32.237972, 
32.24026, 
32.23087, 
32.225388, 
32.231564, 
32.22739, 
32.221935, 
32.23196, 
32.229088, 
32.235218, 
32.220795, 
32.212822, 
32.22407, 
32.231457, 
32.238827, 
32.23852, 
32.249683, 
32.25318, 
32.25667, 
32.241116, 
32.23067, 
32.23291, 
32.238937, 
32.233585, 
32.224464, 
32.212845, 
32.20629, 
32.21231, 
32.207027, 
32.201756, 
32.196495, 
32.20125, 
32.179775, 
32.17955, 
32.180573, 
32.175373, 
32.168945, 
32.167492, 
32.171005, 
32.169556, 
32.16069, 
32.164196, 
32.16276, 
32.158867, 
32.152523, 
32.151104, 
32.14724, 
32.145832, 
32.13709, 
32.135696, 
32.13431, 
32.132927, 
32.13033, 
32.128952, 
32.114216, 
32.106796, 
32.095757, 
32.087166, 
32.087063, 
32.083332, 
32.08444, 
32.083134, 
32.084236, 
32.08053, 
32.080433, 
32.08633, 
32.07904, 
32.082535, 
32.07646, 
32.077564, 
32.081047, 
32.067856, 
32.055885, 
32.051067, 
32.04152, 
32.042652, 
32.027218, 
32.03073, 
32.03306, 
32.035378, 
32.036514, 
32.02353, 
32.025852, 
32.028168, 
32.01641, 
32.019905, 
32.024563, 
32.0257, 
32.014004, 
32.019814, 
32.003494, 
32.005814, 
32.005806, 
32.00696, 
32.01043, 
32.0, 
32.001156, 
31.983833, 
31.988466, 
31.990784, 
31.989643, 
31.97816, 
31.980482, 
31.979359, 
31.982819, 
31.977118, 
31.980572, 
31.964611, 
31.965792, 
31.963554, 
31.967009, 
31.970455, 
31.968218, 
31.968254, 
31.961494, 
31.97172, 
31.979662, 
31.985327, 
31.99098, 
31.992117, 
32.0, 
31.98764, 
31.988777, 
31.994394, 
32.0, 
32.002235, 
32.005585, 
31.997768, 
31.998886, 
32.004456, 
32.0, 
31.992222, 
32.0, 
32.005543, 
32.014397, 
32.007744, 
32.012154, 
32.011036, 
32.00882, 
32.001102, 
32.0033, 
32.0, 
31.991219, 
31.994518, 
31.996714, 
31.996717, 
31.985792, 
31.9869, 
31.986914, 
31.984749, 
31.974974, 
31.96848, 
31.969599, 
31.972885, 
31.972914, 
31.961039, 
31.953514, 
31.941685, 
31.942827, 
31.942888, 
31.940796, 
31.939785, 
31.937702, 
31.939915, 
31.924973, 
31.927195, 
31.918716, 
31.915598, 
31.916756, 
31.916843, 
31.916933, 
31.906384, 
31.902231, 
31.900213, 
31.887592, 
31.887712, 
31.885714, 
31.884777, 
31.8849, 
31.882912, 
31.86723, 
31.863157, 
31.859097, 
31.853992, 
31.850996, 
31.853249, 
31.853403, 
31.848326, 
31.84326, 
31.838205, 
31.83316, 
31.820833, 
31.815817, 
31.816008, 
31.800623, 
31.793568, 
31.787565, 
31.770185, 
31.765253, 
31.761364, 
31.747162, 
31.736082, 
31.722965, 
31.709877, 
31.699898, 
31.691992, 
31.683077, 
31.679304, 
31.671444, 
31.65951, 
31.651686, 
31.639795, 
31.620794, 
31.604889, 
31.586979, 
31.57622, 
31.565483, 
31.559837, 
31.548126, 
31.525303, 
31.506573, 
31.486868, 
31.480324, 
31.465725, 
31.459215, 
31.448692, 
31.433167, 
31.412651, 
31.399199, 
31.378757, 
31.35936, 
31.346, 
