43.0,
45.0,
40.0,
41.0,
39.0,
40.0,
39.0,
39.0,
38.0,
38.0,
36.0,
39.0,
41.0,
32.0,
31.0,
33.0,
29.0,
29.0,
43.0,
42.0,
40.0,
33.0,
39.0,
45.0,
41.0,
45.0,
37.0,
30.0,
39.0,
37.0,
30.0,
42.0,
37.0,
38.0,
37.0,
40.0,
41.0,
41.0,
41.0,
39.0,
39.0,
40.0,
38.0,
39.0,
36.0,
40.0,
41.0,
35.0,
36.0,
38.0,
40.0,
35.0,
39.0,
37.0,
33.0,
37.0,
40.0,
33.0,
32.0,
36.0,
37.0,
39.0,
40.0,
32.0,
38.0,
49.0,
46.0,
35.0,
36.0,
39.0,
39.0,
35.0,
35.0,
33.0,
40.0,
35.0,
35.0,
40.0,
37.0,
39.0,
35.0,
40.0,
38.0,
38.0,
35.0,
38.0,
41.0,
37.0,
38.0,
37.0,
39.0,
39.0,
35.0,
34.0,
41.0,
37.0,
40.0,
42.0,
39.0,
38.0,
41.0,
37.0,
37.0,
35.0,
43.0,
37.0,
37.0,
31.0,
38.0,
41.0,
42.0,
36.0,
44.0,
35.0,
42.0,
42.0,
37.0,
49.0,
36.0,
41.0,
38.0,
40.0,
40.0,
39.0,
40.0,
41.0,
39.0,
38.0,
38.0,
39.0,
39.0,
44.0,
41.0,
39.0,
37.0,
42.0,
41.0,
39.0,
36.0,
36.0,
38.0,
37.0,
35.0,
35.0,
33.0,
34.0,
34.0,
32.0,
30.0,
30.0,
30.0,
29.0,
30.0,
31.0,
29.0,
29.0,
29.0,
32.0,
32.0,
28.0,
32.0,
30.0,
29.0,
28.0,
31.0,
34.0,
32.0,
31.0,
36.0,
36.0,
29.0,
29.0,
36.0,
39.0,
38.0,
34.0,
38.0,
36.0,
38.0,
39.0,
36.0,
37.0,
35.0,
36.0,
46.0,
37.0,
43.0,
33.0,
35.0,
42.0,
39.0,
33.0,
35.0,
39.0,
36.0,
37.0,
43.0,
34.0,
34.0,
37.0,
37.0,
38.0,
41.0,
43.0,
37.0,
34.0,
38.0,
43.0,
34.0,
37.0,
44.0,
40.0,
39.0,
34.0,
38.0,
36.0,
43.0,
36.0,
34.0,
44.0,
40.0,
37.0,
37.0,
49.0,
35.0,
47.0,
39.0,
38.0,
34.0,
42.0,
36.0,
36.0,
46.0,
43.0,
44.0,
41.0,
41.0,
40.0,
40.0,
39.0,
39.0,
38.0,
37.0,
37.0,
40.0,
34.0,
31.0,
30.0,
37.0,
41.0,
37.0,
32.0,
34.0,
30.0,
34.0,
37.0,
35.0,
38.0,
37.0,
39.0,
42.0,
39.0,
34.0,
35.0,
31.0,
36.0,
36.0,
43.0,
35.0,
30.0,
39.0,
39.0,
37.0,
33.0,
43.0,
32.0,
36.0,
31.0,
34.0,
36.0,
34.0,
34.0,
38.0,
34.0,
33.0,
34.0,
36.0,
33.0,
30.0,
35.0,
35.0,
37.0,
32.0,
34.0,
35.0,
38.0,
26.0,
26.0,
38.0,
36.0,
32.0,
35.0,
34.0,
30.0,
36.0,
37.0,
34.0,
30.0,
36.0,
36.0,
34.0,
35.0,
34.0,
35.0,
36.0,
37.0,
35.0,
35.0,
34.0,
33.0,
34.0,
35.0,
35.0,
35.0,
35.0,
32.0,
34.0,
34.0,
33.0,
30.0,
31.0,
30.0,
34.0,
32.0,
33.0,
32.0,
30.0,
35.0,
33.0,
32.0,
31.0,
29.0,
28.0,
29.0,
30.0,
30.0,
31.0,
31.0,
35.0,
33.0,
33.0,
30.0,
33.0,
37.0,
32.0,
31.0,
31.0,
32.0,
36.0,
35.0,
32.0,
37.0,
31.0,
29.0,
34.0,
36.0,
37.0,
39.0,
39.0,
37.0,
30.0,
38.0,
40.0,
37.0,
36.0,
33.0,
34.0,
29.0,
33.0,
32.0,
32.0,
30.0,
34.0,
28.0,
37.0,
35.0,
38.0,
33.0,
41.0,
32.0,
28.0,
26.0,
38.0,
36.0,
23.0,
34.0,
36.0,
38.0,
33.0,
37.0,
37.0,
36.0,
30.0,
29.0,
38.0,
32.0,
39.0,
41.0,
38.0,
29.0,
32.0,
33.0,
29.0,
27.0,
25.0,
28.0,
25.0,
23.0,
30.0,
31.0,
29.0,
29.0,
31.0,
30.0,
33.0,
31.0,
30.0,
34.0,
29.0,
35.0,
33.0,
36.0,
37.0,
36.0,
33.0,
33.0,
33.0,
33.0,
33.0,
31.0,
35.0,
41.0,
41.0,
30.0,
38.0,
43.0,
43.0,
45.0,
34.0,
36.0,
38.0,
39.0,
41.0,
30.0,
37.0,
37.0,
31.0,
33.0,
32.0,
35.0,
34.0,
36.0,
36.0,
38.0,
33.0,
36.0,
37.0,
33.0,
33.0,
32.0,
33.0,
36.0,
35.0,
31.0,
35.0,
35.0,
29.0,
34.0,
32.0,
29.0,
33.0,
32.0,
32.0,
29.0,
33.0,
32.0,
36.0,
34.0,
33.0,
34.0,
33.0,
32.0,
34.0,
33.0,
37.0,
36.0,
34.0,
33.0,
35.0,
35.0,
36.0,
35.0,
35.0,
28.0,
28.0,
32.0,
29.0,
33.0,
30.0,
32.0,
30.0,
25.0,
29.0,
34.0,
34.0,
31.0,
29.0,
29.0,
27.0,
33.0,
31.0,
30.0,
30.0,
34.0,
37.0,
34.0,
28.0,
29.0,
35.0,
30.0,
30.0,
32.0,
32.0,
26.0,
26.0,
28.0,
23.0,
27.0,
26.0,
21.0,
23.0,
26.0,
23.0,
28.0,
24.0,
25.0,
26.0,
26.0,
29.0,
28.0,
30.0,
35.0,
37.0,
30.0,
29.0,
36.0,
34.0,
29.0,
36.0,
36.0,
37.0,
33.0,
33.0,
32.0,
37.0,
37.0,
35.0,
34.0,
40.0,
31.0,
32.0,
33.0,
32.0,
32.0,
29.0,
32.0,
37.0,
36.0,
35.0,
38.0,
34.0,
39.0,
35.0,
28.0,
39.0,
38.0,
33.0,
35.0,
35.0,
34.0,
35.0,
37.0,
31.0,
33.0,
31.0,
31.0,
33.0,
34.0,
38.0,
24.0,
25.0,
31.0,
28.0,
29.0,
29.0,
37.0,
27.0,
21.0,
36.0,
32.0,
31.0,
27.0,
28.0,
34.0,
41.0,
29.0,
28.0,
41.0,
28.0,
38.0,
33.0,
32.0,
35.0,
37.0,
35.0,
37.0,
33.0,
33.0,
32.0,
33.0,
32.0,
33.0,
32.0,
33.0,
31.0,
31.0,
29.0,
29.0,
34.0,
28.0,
30.0,
29.0,
34.0,
30.0,
30.0,
25.0,
30.0,
33.0,
33.0,
34.0,
32.0,
31.0,
31.0,
34.0,
31.0,
31.0,
32.0,
23.0,
23.0,
29.0,
28.0,
28.0,
25.0,
28.0,
25.0,
29.0,
27.0,
24.0,
31.0,
37.0,
37.0,
30.0,
29.0,
37.0,
28.0,
35.0,
28.0,
26.0,
27.0,
27.0,
29.0,
35.0,
33.0,
21.0,
27.0,
27.0,
27.0,
23.0,
32.0,
33.0,
33.0,
32.0,
27.0,
32.0,
33.0,
24.0,
26.0,
28.0,
27.0,
36.0,
32.0,
37.0,
39.0,
35.0,
37.0,
31.0,
28.0,
32.0,
26.0,
27.0,
40.0,
31.0,
31.0,
30.0,
34.0,
33.0,
37.0,
41.0,
39.0,
27.0,
32.0,
35.0,
39.0,
34.0,
24.0,
32.0,
35.0,
32.0,
37.0,
38.0,
35.0,
34.0,
23.0,
26.0,
33.0,
32.0,
25.0,
33.0,
24.0,
28.0,
29.0,
29.0,
26.0,
28.0,
35.0,
28.0,
26.0,
25.0,
27.0,
29.0,
25.0,
29.0,
22.0,
37.0,
30.0,
31.0,
38.0,
26.0,
27.0,
25.0,
24.0,
35.0,
29.0,
20.0,
18.0,
28.0,
25.0,
34.0,
32.0,
25.0,
18.0,
17.0,
26.0,
33.0,
34.0,
24.0,
32.0,
21.0,
28.0,
25.0,
33.0,
27.0,
31.0,
36.0,
31.0,
29.0,
23.0,
31.0,
25.0,
25.0,
37.0,
34.0,
33.0,
24.0,
31.0,
33.0,
22.0,
22.0,
27.0,
21.0,
36.0,
32.0,
32.0,
23.0,
23.0,
21.0,
21.0,
20.0,
28.0,
29.0,
30.0,
27.0,
25.0,
24.0,
22.0,
22.0,
21.0,
19.0,
19.0,
18.0,
18.0,
28.0,
23.0,
27.0,
20.0,
25.0,
31.0,
32.0,
30.0,
31.0,
30.0,
26.0,
27.0,
28.0,
25.0,
22.0,
21.0,
23.0,
25.0,
20.0,
22.0,
19.0,
19.0,
20.0,
20.0,
18.0,
25.0,
34.0,
33.0,
30.0,
21.0,
21.0,
28.0,
26.0,
24.0,
25.0,
24.0,
26.0,
23.0,
21.0,
22.0,
18.0,
17.0,
18.0,
19.0,
21.0,
30.0,
32.0,
26.0,
21.0,
28.0,
25.0,
25.0,
20.0,
24.0,
23.0,
27.0,
26.0,
23.0,
23.0,
22.0,
21.0,
20.0,
21.0,
20.0,
19.0,
19.0,
27.0,
33.0,
23.0,
26.0,
20.0,
23.0,
23.0,
23.0,
21.0,
20.0,
20.0,
16.0,
16.0,
22.0,
26.0,
20.0,
26.0,
29.0,
24.0,
20.0,
22.0,
18.0,
15.0,
16.0,
24.0,
23.0,
22.0,
23.0,
24.0,
31.0,
32.0,
35.0,
25.0,
28.0,
32.0,
20.0,
27.0,
24.0,
26.0,
28.0,
19.0,
19.0,
19.0,
21.0,
26.0,
23.0,
32.0,
30.0,
25.0,
26.0,
26.0,
27.0,
27.0,
27.0,
20.0,
24.0,
21.0,
20.0,
20.0,
21.0,
19.0,
20.0,
18.0,
17.0,
16.0,
15.0,
15.0,
16.0,
21.0,
22.0,
21.0,
21.0,
19.0,
17.0,
17.0,
18.0,
17.0,
17.0,
16.0,
15.0,
15.0,
18.0,
15.0,
13.0,
14.0,
14.0,
13.0,
14.0,
13.0,
12.0,
13.0,
22.0,
20.0,
20.0,
20.0,
16.0,
16.0,
15.0,
13.0,
14.0,
13.0,
12.0,
12.0,
12.0,
12.0,
15.0,
13.0,
13.0,
12.0,
11.0,
12.0,
11.0,
9.0,
